"Latest: Time (s)","Latest: Temperature (°C)"
0,26.5988679525
0.5,26.6148132198
1,26.6278594876
1.5,26.6496035534
2,26.6612005374
2.5,26.6669990689
3,26.6829451677
3.5,26.6945424587
4,26.7177373705
4.5,26.7307847052
5,26.7409327318
5.5,26.7525305845
6,26.7525305845
6.5,26.7554300659
7,26.7583295545
7.5,26.7626788013
8,26.7670280646
8.5,26.7699275827
9,26.7742768738
9.5,26.7771764106
10,26.7786261817
10.5,26.7873248481
11,26.7873248481
11.5,26.7931239968
12,26.7989231759
12.5,26.7989231759
13,26.8032725802
13.5,26.8206703711
14,26.8293693717
14.5,26.8424180057
15,26.845317724
15.5,26.8525670549
16,26.8612663183
16.5,26.8685157603
17,26.8685157603
17.5,26.8772151583
18,26.8844647132
18.5,26.89171432
19,26.9018638572
19.5,26.9105635428
20,26.9149134142
20.5,26.9178133392
21,26.927963144
21.5,26.9337630798
22,26.9381130545
22.5,26.9395630504
23,26.9453630559
23.5,26.9540631298
24,26.9569631721
24.5,26.9627632833
25,26.9627632833
25.5,26.9642133166
26,26.9700134723
26.5,26.9729135635
27,26.9772637172
27.5,26.9845140185
28,26.9859640856
28.5,26.9874141549
29,26.9975647038
29.5,27.0048151646
30,27.007715365
30.5,27.0120656829
31,27.0178661394
31.5,27.0251167623
32,27.0280170279
32.5,27.0309173029
33,27.0309173029
33.5,27.0309173029
34,27.0323674439
34.5,27.0338175873
35,27.035267733
35.5,27.0381680315
36,27.0396181844
36.5,27.0425184971
37,27.0468689841
37.5,27.0526696669
38,27.0541198435
38.5,27.0541198435
39,27.0570202041
39.5,27.0570202041
40,27.0613707629
40.5,27.0613707629
41,27.0642711475
41.5,27.0671715418
42,27.0686217426
42.5,27.0729723595
43,27.075872783
43.5,27.0787732162
44,27.0802234365
44.5,27.0860243421
45,27.084574112
45.5,27.084574112
46,27.0874745746
46.5,27.0874745746
47,27.0889248096
47.5,27.0903750471
48,27.0932755294
48.5,27.091825287
49,27.0932755294
49.5,27.091825287
50,27.091825287
50.5,27.0961760217
51,27.0961760217
51.5,27.0976262715
52,27.0947257743
52.5,27.0932755294
53,27.0961760217
53.5,27.0961760217
54,27.0976262715
54.5,27.0976262715
55,27.0961760217
55.5,27.0947257743
56,27.0961760217
56.5,27.0932755294
57,27.0932755294
57.5,27.0889248096
58,27.0903750471
58.5,27.0889248096
59,27.0889248096
59.5,27.0889248096
60,27.0860243421
60.5,27.084574112
61,27.0816736592
61.5,27.0773229984
62,27.0773229984
62.5,27.075872783
63,27.0715221515
63.5,27.0700719458
64,27.0671715418
64.5,27.0657213435
65,27.0642711475
65.5,27.062820954
66,27.058470388
66.5,27.058470388
67,27.058470388
67.5,27.0541198435
68,27.0526696669
68.5,27.0483191512
69,27.0439686571
69.5,27.0425184971
70,27.0367178811
70.5,27.0338175873
71,27.0323674439
71.5,27.0323674439
72,27.0323674439
72.5,27.0309173029
73,27.0294671642
73.5,27.0309173029
74,27.0265668939
74.5,27.0207663815
75,27.0149659065
75.5,27.0106155746
76,27.007715365
76.5,27.0004648812
77,26.9917643764
77.5,26.9917643764
78,26.9859640856
78.5,26.9845140185
79,26.9816138912
79.5,26.978713773
80,26.9714635168
80.5,26.9656633522
81,26.9627632833
81.5,26.9627632833
82,26.9598632232
82.5,26.9555131499
83,26.952613112
83.5,26.9439130512
84,26.9395630504
84.5,26.9381130545
85,26.9381130545
85.5,26.9323130926
86,26.9265131654
86.5,26.9192633048
87,26.9149134142
87.5,26.9105635428
88,26.9062136905
88.5,26.897514043
89,26.89171432
89.5,26.880114974
90,26.8714155514
90.5,26.8714155514
91,26.8699656549
91.5,26.8685157603
92,26.859816436
92.5,26.8525670549
93,26.845317724
93.5,26.8438678639
94,26.8409681496
94.5,26.830819212
95,26.8235700301
95.5,26.8119714408
96,26.8061721927
96.5,26.8003729754
97,26.7945737887
97.5,26.7844252851
98,26.7786261817
98.5,26.7728271083
99,26.7670280646
99.5,26.7583295545
100,26.7539803243
100.5,26.7525305845
101,26.7481813762
101.5,26.745281913
102,26.7336841324
102.5,26.7293349943
103,26.7235361683
103.5,26.7075895419
104,26.704690178
104.5,26.6930927913
105,26.6843948231
105.5,26.6785962116
106,26.6698983445
106.5,26.6626501678
107,26.6612005374
107.5,26.6597509087
108,26.6510531707
108.5,26.6409058837
109,26.626409896
109.5,26.6177123794
110,26.6119140663
110.5,26.6032166432
111,26.5959688329
111.5,26.5901706121
112,26.5785742428
112.5,26.5713265605
113,26.5684274979
113.5,26.5655284412
114,26.5597303454
114.5,26.5481342232
115,26.5437857011
115.5,26.5292907193
116,26.5220432809
116.5,26.5075485074
117,26.5003011715
117.5,26.4988517083
118,26.493053869
118.5,26.4800088079
119,26.4756604777
119.5,26.4684132865
120,26.4553684226
120.5,26.4408742483
121,26.4307283994
121.5,26.4263801966
122,26.4147850414
122.5,26.4075381078
123,26.4060887245
123.5,26.3944937001
124,26.3843481134
124.5,26.3785506599
125,26.3655064539
125.5,26.3611584048
126,26.3539116777
126.5,26.3394183025
127,26.3278236766
127.5,26.3162291153
128,26.3060839259
128.5,26.2944894817
129,26.2915908801
129.5,26.2872429848
130,26.2785472192
130.5,26.2640543494
131,26.249561568
131.5,26.2437644797
132,26.2321703434
132.5,26.2220255175
133,26.2147792375
133.5,26.2002867364
134,26.1973882455
134.5,26.1930405147
135,26.1828958356
135.5,26.1727511923
136,26.1597081304
136.5,26.1466651241
137,26.1379698163
137.5,26.1278253198
138,26.1249268979
138.5,26.1133332347
139,26.1060872147
139.5,26.0915952179
140,26.0814508533
140.5,26.0640605743
141,26.0582638309
141.5,26.0466703675
142,26.035076934
142.5,26.0249327031
143,26.0133393218
143.5,26.0133393218
144,26.0017459664
144.5,25.9930509658
145,25.9829068151
145.5,25.9669660406
146,25.9568219313
146.5,25.9452286812
147,25.9292879905
147.5,25.9234913831
148,25.9089998803
148.5,25.8481357572
149,25.829296902
149.5,25.8177037647
150,25.8061106292
150.5,25.7974157778
151,25.7814752152
151.5,25.7698820756
152,25.7597380751
152.5,25.7553906451
153,25.7380009158
153.5,25.7322043355
154,25.7235094608
154.5,25.7061196941
155,25.6901790508
155.5,25.6814841434
156,25.6684417662
156.5,25.6655434574
157,25.653950211
157.5,25.6452552642
158,25.6365603063
158.5,25.6206195194
159,25.6119245269
159.5,25.5974328427
160,25.5829411186
160.5,25.5713477087
161,25.5583050881
161.5,25.5496099864
162,25.5467116152
162.5,25.5365673005
163,25.5162785939
163.5,25.5046849988
164,25.4959897783
164.5,25.4843961175
165,25.4800484845
165.5,25.4641071149
166,25.4583102337
166.5,25.4423687547
167,25.4351226001
167.5,25.4249779536
168,25.4032393033
168.5,25.3916452857
169,25.3887467733
169.5,25.3757034278
170,25.3655585572
170.5,25.3554136449
171,25.3336744029
171.5,25.3235293537
172,25.3119349559
172.5,25.2988911855
173,25.2916446123
173.5,25.2742527347
174,25.272803405
174.5,25.2626580679
175,25.2496139875
175.5,25.2380191764
176,25.2177280873
176.5,25.2075824598
177,25.1974367757
177.5,25.1829428411
178,25.1800440398
178.5,25.1684487862
179,25.1467074721
179.5,25.136561428
180,25.1264153205
180.5,25.110471307
181,25.1075723781
181.5,25.0901786904
182,25.0858302375
182.5,25.0698858026
183,25.0626382755
183.5,25.0452440631
184,25.0321982651
184.5,25.0191523458
185,25.0177027917
185.5,25.000308022
186,24.9916105533
186.5,24.9771146458
187,24.9582697259
187.5,24.9495719773
188,24.9336259496
188.5,24.9263776879
189,24.9205790478
189.5,24.9046326458
190,24.8973842116
190.5,24.8828872109
191,24.8727392043
191.5,24.8524429242
192,24.8393951249
192.5,24.8277969538
193,24.8147488662
193.5,24.8103994692
194,24.798800992
194.5,24.7814030416
195,24.7654546693
195.5,24.7582053286
196,24.7422566
196.5,24.7292074547
197,24.7176080724
197.5,24.7161581402
198,24.6987587875
198.5,24.6929589348
199,24.6755591687
199.5,24.6610591225
200,24.6494589257
200.5,24.6451088149
201,24.6277081683
201.5,24.620457802
202,24.6030566874
202.5,24.5842051002
203,24.5784045315
203.5,24.5610025957
204,24.5508513059
204.5,24.5348990375
205,24.5319985931
205.5,24.5218469595
206,24.5073444134
206.5,24.4942919063
207,24.4739875952
207.5,24.4623849043
208,24.4507820464
208.5,24.4391790197
209,24.4377286295
209.5,24.4203237381
210,24.3985670777
210.5,24.392765198
211,24.3797108075
211.5,24.3710077557
212,24.3550518995
212.5,24.3477991248
213,24.3361945377
213.5,24.3231391584
214,24.3071822659
214.5,24.2941263643
215,24.2810702242
215.5,24.2767181242
216,24.2607601943
216.5,24.2491541986
217,24.234646431
217.5,24.2143350415
218,24.207080827
218.5,24.1940230443
219,24.1853177147
219.5,24.1737104315
220,24.1621029449
220.5,24.1490442772
221,24.1403383535
221.5,24.1243771894
222,24.1040624064
222.5,24.0924536674
223,24.0779424428
223.5,24.0692355465
224,24.0663332206
224.5,24.0474677707
225,24.028601741
225.5,24.0213454201
226,24.0039298939
226.5,23.9981246062
227,23.9821597733
227.5,23.976354273
228,23.9618402717
228.5,23.9516802568
229,23.9357141602
229.5,23.9211991436
230,23.908135314
230.5,23.9008775013
231,23.8878132037
231.5,23.8776518736
232,23.8645870349
232.5,23.8442633411
233,23.8384564338
233.5,23.8210353418
234,23.8094209704
234.5,23.796354504
235,23.7919989445
235.5,23.7774801566
236,23.7673167693
236.5,23.7469894075
237,23.7339214014
237.5,23.7223051204
238,23.7092364924
238.5,23.6990717743
239,23.696167532
239.5,23.6758373726
240,23.6598631031
240.5,23.6511496511
241,23.6322699834
241.5,23.6221037109
242,23.6075801008
242.5,23.6061277161
243,23.59305606
243.5,23.5828889738
244,23.5683641945
244.5,23.5494813255
245,23.5364081327
245.5,23.5335029299
246,23.5175239953
246.5,23.5073553001
247,23.4928282093
247.5,23.4710367219
248,23.465225485
248.5,23.450697071
249,23.441979801
249.5,23.4318094417
250,23.4201858944
250.5,23.4100150449
251,23.3983909346
251.5,23.3824072891
252,23.3620636345
252.5,23.3518914551
253,23.3402658181
253.5,23.3286398712
254,23.3257333359
254.5,23.3039336986
255,23.2879465956
255.5,23.2777726733
256,23.2617845889
256.5,23.2545170781
257,23.23707454
257.5,23.2356209625
258,23.2225385365
258.5,23.2109093682
259,23.1978261635
259.5,23.180381244
260,23.1672970668
260.5,23.162935581
261,23.1454891695
261.5,23.1396735318
262,23.1222261143
262.5,23.1018698324
263,23.0916913009
263.5,23.0786042326
264,23.0669709181
264.5,23.0509745468
265,23.0495202988
265.5,23.0378861187
266,23.0247972489
266.5,23.0102535399
267,22.9928003619
267.5,22.9811644668
268,22.9680736589
268.5,22.9564370051
269,22.9535277855
269.5,22.9375266753
270,22.9215248809
270.5,22.906977198
271,22.8764251998
271.5,22.8546007854
272,22.8415055085
272.5,22.8298648647
273,22.8109480162
273.5,22.7993063825
274,22.7934854233
274.5,22.7803879168
275,22.7687452828
275.5,22.7556468606
276,22.7352705664
276.5,22.7236264365
277,22.7134375032
277.5,22.7017926413
278,22.6959700633
278.5,22.6828689028
279,22.6726787658
279.5,22.6581209005
280,22.6479300247
280.5,22.6290033
281,22.6144435589
281.5,22.6013392522
282,22.5882344321
282.5,22.5838660443
283,22.573672916
283.5,22.5576545095
284,22.5401789969
284.5,22.5299845183
285,22.5168768645
285.5,22.5125075295
286,22.497942655
286.5,22.489203416
287,22.476094114
287.5,22.465897621
288,22.4527873677
288.5,22.4323925699
289,22.4236515417
289.5,22.4192809371
290,22.4017979138
290.5,22.3886850089
291,22.3770286328
291.5,22.3580860928
292,22.3522573868
292.5,22.3333133343
293,22.3245695331
293.5,22.3114533649
294,22.3056237767
294.5,22.2983366351
295,22.2837618293
295.5,22.2721014815
296,22.2546101175
296.5,22.2414909284
297,22.2283711659
297.5,22.2137929768
298,22.2123351187
298.5,22.1962982078
299,22.1831764536
299.5,22.1685960426
300,22.1554730548
300.5,22.1467240698
301,22.1408912677
301.5,22.1233921611
302,22.1190172199
302.5,22.1044336054
303,22.0956830836
303.5,22.0796397697
304,22.0665127549
304.5,22.0504678071
305,22.0446330565
305.5,22.0344219548
306,22.0271280856
306.5,22.0067042499
307,21.9935738589
307.5,21.9804428528
308,21.9702294215
308.5,21.9585564701
309,21.9527198106
309.5,21.9395868771
310,21.9308312416
310.5,21.9162378975
311,21.9060220956
311.5,21.8899679224
312,21.8739128045
312.5,21.8636954175
313,21.8505582108
313.5,21.8403399416
314,21.8345007567
314.5,21.8213621267
315,21.800922977
315.5,21.7936229014
316,21.7804822604
316.5,21.770261312
317,21.7541990234
317.5,21.7468976597
318,21.7425167442
318.5,21.726452762
319,21.7176901744
319.5,21.7016246664
320,21.6899400375
320.5,21.6767942006
321,21.6753335108
321.5,21.6592653776
322,21.6475788327
322.5,21.6315089642
323,21.6198211529
323.5,21.6052106349
324,21.5949827724
324.5,21.5847544971
325,21.5686806563
325.5,21.5628353691
326,21.5599126745
326.5,21.548221556
327,21.5350683956
327.5,21.5219145424
328,21.5043749901
328.5,21.4912195119
329,21.4824488043
329.5,21.4692921578
330,21.4649064527
330.5,21.4546728361
331,21.4385905748
331.5,21.4210450812
332,21.41227186
332.5,21.3991114333
333,21.3888750509
333.5,21.3757133498
334,21.3713259562
334.5,21.3610883929
335,21.3493877853
335.5,21.3362239175
336,21.323059323
336.5,21.3069682727
337,21.3040425099
337.5,21.2908761293
338,21.2806351034
338.5,21.2689305284
339,21.2528357848
339.5,21.2367399342
340,21.2294232714
340.5,21.2147892554
341,21.2103988708
341.5,21.2030813782
342,21.1869820797
342.5,21.1811275108
343,21.1664904372
343.5,21.1577077452
344,21.1416052683
344.5,21.129893663
345,21.116717387
345.5,21.1006120111
346,21.093291007
346.5,21.0888982907
347,21.0771839624
347.5,21.0581468783
348,21.0464309466
348.5,21.0391081778
349,21.0244619194
349.5,21.0215325521
350,21.006885137
350.5,20.9995610668
351,20.9907718628
351.5,20.9775874013
352,20.9687973223
352.5,20.9468205868
353,20.93509876
353.5,20.9307029129
354,20.9233763043
354.5,20.9101877877
355,20.9013949988
355.5,20.8882051469
356,20.8691517183
356.5,20.8603572603
357,20.8471648989
357.5,20.8369036125
358,20.8251758256
358.5,20.8149134838
359,20.8119812954
359.5,20.801718318
360,20.7899885939
360.5,20.7811908751
361,20.7621278953
361.5,20.7474628921
362,20.7386633992
362.5,20.7254634677
363,20.7210633056
363.5,20.7151962788
364,20.6990611045
364.5,20.6829246794
365,20.6726553921
365.5,20.6623855955
366,20.6506480601
366.5,20.6359752009
367,20.6271709829
367.5,20.6242361596
368,20.6139639474
368.5,20.6036912196
369,20.5948856132
369.5,20.5787410133
370,20.5611272599
370.5,20.5552556687
371,20.5508518635
371.5,20.537639872
372,20.5273632802
372.5,20.5156179613
373,20.4994670257
373.5,20.4877200724
374,20.4789094041
374.5,20.4642240913
375,20.4612868987
375.5,20.4539437272
376,20.4407253334
376.5,20.4377877928
377,20.4230994348
377.5,20.4157548459
378,20.4010648462
378.5,20.386373748
379,20.3760893239
379.5,20.364335034
380,20.3525800358
380.5,20.3452328017
381,20.3408243279
381.5,20.3305374998
382,20.312901667
382.5,20.2996737363
383,20.2952642245
383.5,20.2820350829
384,20.2717451209
384.5,20.2570442172
385,20.2526337258
385.5,20.2482231327
386,20.2364610527
386.5,20.229109384
387,20.2158756643
387.5,20.202641022
388,20.1908761189
388.5,20.182051961
389,20.1776397273
389.5,20.1629315351
390,20.1555770077
390.5,20.1438091645
391,20.1276271726
391.5,20.1143863186
392,20.1026158809
392.5,20.095258979
393,20.0864303121
393.5,20.0717149327
394,20.0643568041
394.5,20.0628851433
395,20.0525831885
395.5,20.0422806579
396,20.0305056307
396.5,20.0187298482
397,20.0054811881
397.5,19.9951760109
398,19.9804533192
398.5,19.9686743083
399,19.9686743083
399.5,19.9613120386
400,19.9480591998
400.5,19.9053489931
401,19.8803072577
401.5,19.8699949366
402,19.8596820197
402.5,19.8508419017
403,19.8390543943
403.5,19.8257925131
404,19.8110559252
404.5,19.8051609461
405,19.7963181083
405.5,19.7830530197
406,19.7786311013
406.5,19.7683128589
407,19.7476745524
407.5,19.7358801411
408,19.7299826366
408.5,19.7152380019
409,19.712288925
409.5,19.7063906211
410,19.6916439843
410.5,19.6872197485
411,19.6739463624
411.5,19.6650968716
412,19.6532968439
412.5,19.6385456713
413,19.6282190965
413.5,19.6178918995
414,19.6046131585
414.5,19.5942845349
415,19.5928089662
415.5,19.5869065634
416,19.5677223399
416.5,19.5588673517
417,19.5455840016
417.5,19.5382039117
418,19.524918937
418.5,19.5219665782
419,19.5116329148
419.5,19.5012986162
420,19.4939165849
420.5,19.4806281091
421,19.4747217812
421.5,19.462908499
422,19.4496175564
422.5,19.4363255526
423,19.4289406466
423.5,19.4230324851
424,19.4097383514
424.5,19.4038295047
425,19.3964431492
425.5,19.3816694459
426,19.3654168412
426.5,19.3580287621
427,19.344729381
427.5,19.3358625268
428,19.3255172556
428.5,19.3166493583
429,19.3092590754
429.5,19.3077809785
430,19.2959557202
430.5,19.2885644968
431,19.2767378387
431.5,19.2634318159
432,19.2516033205
432.5,19.2412526755
433,19.2338589505
433.5,19.2175915586
434,19.2161126231
434.5,19.2087177409
435,19.1939269524
435.5,19.1820933365
436,19.1702588431
436.5,19.1613823961
437,19.1495463628
437.5,19.145107623
438,19.1347500803
438.5,19.1229120595
439,19.1199524158
439.5,19.1095932266
440,19.1007133804
440.5,19.0933131264
441,19.0770313424
441.5,19.0651889849
442,19.0533457326
442.5,19.0503847796
443,19.0444627053
443.5,19.0311372172
444,19.0252144127
444.5,19.013368128
445,19.001520941
445.5,18.9852295823
446,18.9793050272
446.5,18.9704177691
447,18.9615299999
447.5,18.9541231346
448,18.9481973862
448.5,18.9348636182
449,18.930418772
449.5,18.9170834612
450,18.9096744542
450.5,18.899301242
451,18.8844811463
451.5,18.8711418294
452,18.8622483024
452.5,18.8518718634
453,18.8400122076
453.5,18.8385296854
454,18.8340820318
454.5,18.8251863326
455,18.8118418025
455.5,18.797013163
456,18.789598296
456.5,18.7792168682
457,18.7688347229
457.5,18.7584518591
458,18.7465848475
458.5,18.7436179475
459,18.7406509886
459.5,18.7317497583
460,18.7213643183
460.5,18.7169131938
461,18.7035590217
461.5,18.6872356256
462,18.6783311977
462.5,18.6723946149
463,18.6649735513
463.5,18.6545834361
464,18.648645899
464.5,18.6427081228
465,18.630831852
465.5,18.6130156467
466,18.6026218612
466.5,18.5966822241
467,18.5877723164
467.5,18.5758915943
468,18.5654951689
468.5,18.5550980016
469,18.5536126313
469.5,18.5491564295
470,18.5372725567
470.5,18.5283590134
471,18.5209306419
471.5,18.5045868824
472,18.4941853456
472.5,18.4822969564
473,18.4778385574
473.5,18.4659488181
474,18.4585172314
474.5,18.452571685
475,18.4466258921
475.5,18.4302736888
476,18.4168932221
476.5,18.4094590875
477,18.4020245652
477.5,18.3916155818
478,18.3871543557
478.5,18.3812058363
479,18.3663334472
479.5,18.3633587822
480,18.3559218462
480.5,18.3410468011
481,18.3365839822
481.5,18.3276579208
482,18.3112920063
482.5,18.3023643413
483,18.294924187
483.5,18.2889717795
484,18.2815309148
484.5,18.2696247089
485,18.2636712259
485.5,18.2502749613
486,18.2428320362
486.5,18.2264562008
487,18.2205008735
487.5,18.2145452909
488,18.2011442953
488.5,18.1981661204
489,18.1936987378
489.5,18.1802957247
490,18.1743384128
490.5,18.1683808438
491,18.1564649336
491.5,18.1475273244
492,18.143058302
492.5,18.125180759
493,18.1207110093
493.5,18.1058107904
494,18.0968698802
494.5,18.0894186747
495,18.0819670625
495.5,18.0789863036
496,18.0730245903
496.5,18.0581191647
497,18.0476843945
497.5,18.0342670824
498,18.0283034063
498.5,18.0193573994
499,18.0104108008
499.5,18.0074284696
500,17.9969897916
500.5,17.9865503053
501,17.9850588841
501.5,17.9776015301
502,17.9671605398
502.5,17.9597021927
503,17.9492598101
503.5,17.9373246621
504,17.9238963477
504.5,17.9164355898
505,17.9119589349
505.5,17.9089744147
506,17.8955432469
506.5,17.8880809013
507,17.8806181368
507.5,17.873154953
508,17.8552415982
508.5,17.8477769852
509,17.8403119509
509.5,17.8313533529
510,17.8209008865
510.5,17.8134343317
511,17.7984999512
511.5,17.7940193062
512,17.792525724
512.5,17.7835638734
513,17.7746014105
513.5,17.7701199492
514,17.7611565664
514.5,17.7462162294
515,17.7372512067
515.5,17.7267912344
516,17.7238025166
516.5,17.7133414638
517,17.7013849439
517.5,17.6969009651
518,17.6954062711
518.5,17.6864377451
519,17.6729837916
519.5,17.661023547
520,17.6505574244
520.5,17.6445764017
521,17.6341089438
521.5,17.6236406345
522,17.6176583608
522.5,17.6056929773
523,17.6012056708
523.5,17.6012056708
524,17.5922305864
524.5,17.5832548728
525,17.5757746302
525.5,17.5682939498
526,17.5578202606
526.5,17.5428563544
527,17.5338771663
527.5,17.5323805733
528,17.5293873344
528.5,17.5189104427
529,17.5084326858
529.5,17.5024450073
530,17.4934629584
530.5,17.4814859008
531,17.4665129812
531.5,17.4605233156
532,17.4560308795
532.5,17.4440502658
533,17.4380595309
533.5,17.4350640564
534,17.4290728928
534.5,17.4185876682
535,17.4125957174
535.5,17.4051053758
536,17.3931198962
536.5,17.388625045
537,17.3841300319
537.5,17.3706440211
538,17.3571565503
538.5,17.3481640908
539,17.3406698774
539.5,17.3301772184
540,17.3226819184
540.5,17.3166853518
541,17.3151861648
541.5,17.3106884947
542,17.2956950795
542.5,17.2881976893
543,17.2732015413
543.5,17.2687023409
544,17.261203308
544.5,17.2522038647
545,17.243203762
545.5,17.2342029991
546,17.2267018584
546.5,17.2192002581
547,17.2192002581
547.5,17.2131986468
548,17.2011945399
548.5,17.1951920439
549,17.1906899781
549.5,17.1771827829
550,17.1651751289
550.5,17.1546674586
551,17.1486626673
551.5,17.1471614231
552,17.1411562602
552.5,17.1276435557
553,17.126142051
553.5,17.1156309961
554,17.1066207928
554.5,17.0916022924
555,17.0825902939
555.5,17.0750797798
556,17.0660665437
556.5,17.0585549971
557,17.0495405206
557.5,17.0450330283
558,17.0330122198
558.5,17.030006829
559,17.0270013628
559.5,17.0179845108
560,17.0134758297
560.5,17.0044579565
561,16.9969425415
561.5,16.9894266525
562,16.9774002431
562.5,16.9683796379
563,16.9578547326
563.5,16.9548474454
564,16.9413137086
564.5,16.9352982181
565,16.9322903582
565.5,16.9292824218
566,16.9202581534
566.5,16.9082247228
567,16.8991988444
567.5,16.8901722746
568,16.8841541769
568.5,16.875126453
569,16.8630884088
569.5,16.843523952
570,16.8284721455
570.5,16.8149238624
571,16.8089018985
571.5,16.7998683695
572,16.7908341401
572.5,16.7817992094
573,16.7712575694
573.5,16.7652333456
574,16.7637272408
574.5,16.759208809
575,16.7516776982
575.5,16.7426397189
576,16.7381204647
576.5,16.7320945178
577,16.7230550085
577.5,16.7125080199
578,16.7004531378
578.5,16.6959322319
579,16.6883969942
579.5,16.6793540575
580,16.6733250377
580.5,16.6688030652
581,16.6657883179
581.5,16.6612660484
582,16.6522209745
582.5,16.6446828675
583,16.6416674857
583.5,16.6311130237
584,16.6220655663
584.5,16.6175415688
585,16.6069848773
585.5,16.6024602817
586,16.5888854165
586.5,16.5798346067
587,16.5722917146
587.5,16.5677657389
588,16.560222045
588.5,16.5526778493
589,16.5466421311
589.5,16.5466421311
590,16.5390970309
590.5,16.5285330453
591,16.5179680721
591.5,16.5089115938
592,16.501363973
592.5,16.4953255124
593,16.4877769812
593.5,16.4802279435
594,16.4772081865
594.5,16.4726783988
595,16.4681484285
595.5,16.4590879393
596,16.4530472066
596.5,16.4500267182
597,16.4424751408
597.5,16.4288810175
598,16.4273704574
598.5,16.4213280126
599,16.4122637324
599.5,16.4031987158
600,16.3956439722
600.5,16.3865776034
601,16.3805329472
601.5,16.3805329472
602,16.3744879624
602.5,16.3639084475
603,16.3548394893
603.5,16.3518163385
604,16.3427463911
604.5,16.3397229103
605,16.3291400769
605.5,16.3200682707
606,16.3079713701
606.5,16.3034346905
607,16.3004101338
607.5,16.2898235314
608,16.2837735874
608.5,16.2822610495
609,16.2686472716
609.5,16.2625961623
610,16.2580576115
610.5,16.2580576115
611,16.2535188729
611.5,16.2429277524
612,16.2353620395
612.5,16.2293090927
613,16.2217424382
613.5,16.2126617613
614,16.2050939538
614.5,16.1975256213
615,16.1899567635
615.5,16.1854151964
616,16.179359479
616.5,16.1672470328
617,16.1627045175
617.5,16.1611903035
618,16.1611903035
618.5,16.1490758314
619,16.143018088
619.5,16.1339308382
620,16.1218133186
620.5,16.1157540498
621,16.108179486
621.5,16.1051495118
622,16.0945439321
622.5,16.091513575
623,16.0884831327
623.5,16.0854526051
624,16.0718141759
624.5,16.0642365238
625,16.0642365238
625.5,16.0612053135
626,16.0521111692
626.5,16.0445321272
627,16.0415003606
627.5,16.03543657
628,16.0278563493
628.5,16.0157268799
629,16.0066288752
629.5,15.9975300957
630,15.9929804152
630.5,15.991463812
631,15.9884305407
631.5,15.9808469851
632,15.9702291005
632.5,15.9687121734
633,15.9626442488
633.5,15.9550588561
634,15.9489901522
634.5,15.9383690859
635,15.9307819589
635.5,15.9216766898
636,15.9171237617
636.5,15.9110528863
637,15.8989100901
637.5,15.895874173
638,15.8943561818
638.5,15.8882839986
639,15.8822114661
639.5,15.876138584
640,15.870065352
640.5,15.8655101982
641,15.8594363533
641.5,15.8518435542
642,15.8457689201
642.5,15.8396939348
643,15.8275429098
643.5,15.8214668695
644,15.8093137319
644.5,15.8062752272
645,15.8017173046
645.5,15.7971591835
646,15.7865227945
646.5,15.7758853224
647,15.774365595
647.5,15.7728458454
648,15.7713260738
648.5,15.7652467655
649,15.7561271382
649.5,15.7454865634
650,15.7318042244
650.5,15.7272430444
651,15.7257226065
651.5,15.7196406322
652,15.7120376629
652.5,15.7059548859
653,15.7013925688
653.5,15.6877044109
654,15.6831412891
654.5,15.6800990959
655,15.6770568132
655.5,15.6740144408
656,15.6755356382
656.5,15.6664081177
657,15.6588012339
657.5,15.6527153227
658,15.6481506534
658.5,15.642064113
659,15.631411801
659.5,15.6222803695
660,15.6146702231
660.5,15.6101038644
661,15.6055373026
661.5,15.6040150701
662,15.599448237
662.5,15.5933588097
663,15.5827014406
663.5,15.5811788687
664,15.5781336569
664.5,15.5689974774
665,15.5629062372
665.5,15.5537686955
666,15.5431071957
666.5,15.5339678795
667,15.5309212585
667.5,15.5278745463
668,15.5172103351
668.5,15.5095923564
669,15.5065450049
669.5,15.5004500276
670,15.4928307912
670.5,15.4867349898
671,15.4821628981
671.5,15.4821628981
672,15.4775906001
672.5,15.4699696445
673,15.4638724667
673.5,15.459299342
674,15.4562504773
674.5,15.445578726
675,15.4379553557
675.5,15.4227068857
676,15.4211819118
676.5,15.415081785
677,15.4089812884
677.5,15.4013551472
678,15.3967791847
678.5,15.3891521172
679,15.3861011279
679.5,15.3845755985
680,15.3815244701
680.5,15.3738962428
681,15.3662674349
681.5,15.3555861272
682,15.3494820109
682.5,15.3418513413
683,15.3372726598
683.5,15.3311674245
684,15.3281146669
684.5,15.3159027017
685,15.3128494766
685.5,15.3021624518
686,15.2960550652
686.5,15.2914742791
687,15.2884203045
687.5,15.286893282
688,15.2838391666
688.5,15.277730654
689,15.2700944848
689.5,15.2655125011
690,15.2624577277
690.5,15.2548203823
691,15.2456547904
691.5,15.2395439243
692,15.2303769172
692.5,15.2257930948
693,15.2150966818
693.5,15.2150966818
694,15.2120403509
694.5,15.2089839252
695,15.1982856894
695.5,15.1921718902
696,15.1906433811
696.5,15.1845291074
697,15.1753569842
697.5,15.1677128944
698,15.1585392014
698.5,15.1539520334
699,15.1432478069
699.5,15.1417185363
700,15.1356012151
700.5,15.1294835117
701,15.1233654258
701.5,15.1187766103
702,15.1172469573
702.5,15.1141875795
703,15.1080685364
703.5,15.0988892528
704,15.0958292998
704.5,15.0912391902
705,15.0866488646
705.5,15.0759372639
706,15.0698158202
706.5,15.066754954
707,15.062163474
707.5,15.0545105256
708,15.043795385
708.5,15.0376719165
709,15.0300170374
709.5,15.0208303844
710,15.0208303844
710.5,15.01164286
711,15.0070487708
711.5,15.0024544634
712,14.9963283805
712.5,14.9932651935
713,14.9917335635
713.5,14.987138528
714,14.9810114737
714.5,14.9702881923
715,14.9641600674
715.5,14.9564993631
716,14.9473057131
716.5,14.9457733527
717,14.9396436669
717.5,14.9335135901
718,14.9273831222
718.5,14.9212522628
719,14.9197194867
719.5,14.9166538611
720,14.9074563963
720.5,14.9013242627
721,14.8982580487
721.5,14.8967249049
722,14.8905920839
722.5,14.8859922103
723,14.8798587012
723.5,14.8752583111
724,14.8660568662
724.5,14.8614558111
725,14.8553207259
725.5,14.8476513143
726,14.8384472055
726.5,14.8307764351
727,14.8277079538
727.5,14.8231050463
728,14.8231050463
728.5,14.8169674895
729,14.8169674895
729.5,14.8016218624
730,14.7985524393
730.5,14.7970176905
731,14.7939481184
731.5,14.7847388056
732,14.7770636944
732.5,14.7663174931
733,14.7617116045
733.5,14.752499154
734,14.7478925919
734.5,14.7417501593
735,14.7371430725
735.5,14.7340715562
736,14.7279282236
736.5,14.7233204613
737,14.7171764275
737.5,14.7064234035
738,14.7033508851
738.5,14.7002782664
739,14.7002782664
739.5,14.6972055472
740,14.6956691499
740.5,14.6879867866
741,14.6803037946
741.5,14.6756936975
742,14.6726201735
742.5,14.6680096986
743,14.6557139897
743.5,14.6495655297
744,14.6418793864
744.5,14.6372673971
745,14.6295802425
745.5,14.6265052035
746,14.6218924551
746.5,14.6172794787
747,14.6080528414
747.5,14.6049770927
748,14.6034391803
748.5,14.6034391803
749,14.6003632793
749.5,14.5926730822
750,14.588058659
750.5,14.583444007
751,14.5726755947
751.5,14.5649831076
752,14.5557512815
752.5,14.552673802
753,14.5480573913
753.5,14.5419018193
754,14.5357458383
754.5,14.529589448
755,14.5218933841
755.5,14.5203540945
756,14.5095783495
756.5,14.5095783495
757,14.5064993343
757.5,14.5049597883
758,14.5034202165
758.5,14.4988013472
759,14.4926424952
759.5,14.486483232
760,14.4818635144
760.5,14.4787835741
761,14.4741634704
761.5,14.4618420604
762,14.4572211061
762.5,14.4525999196
763,14.4433568493
763.5,14.4387349653
764,14.4356535799
764.5,14.4325720912
765,14.4325720912
765.5,14.4279496639
766,14.4171630938
766.5,14.4140809834
767,14.4079164513
767.5,14.4063752534
768,14.4017515041
768.5,14.3940447357
769,14.3863373176
769.5,14.3817125547
770,14.3724623259
770.5,14.3662949857
771,14.3632111592
771.5,14.3570431933
772,14.3524169448
772.5,14.3447060084
773,14.3385367889
773.5,14.3354520222
774,14.3323671509
774.5,14.3323671509
775,14.329282175
775.5,14.3231119089
776,14.3169412237
776.5,14.310770119
777,14.3061415151
777.5,14.3061415151
778,14.301512675
778.5,14.2922542857
779,14.2876247362
779.5,14.28299495
780,14.2799082943
780.5,14.2737346671
781,14.2629298052
781.5,14.2582987546
782,14.2536674665
782.5,14.2444041775
783,14.2366840433
783.5,14.2335958046
784,14.2320516455
784.5,14.2243304531
785,14.2212417908
785.5,14.2135196713
786,14.2088860815
786.5,14.2088860815
787,14.2088860815
787.5,14.2042522528
788,14.198073443
788.5,14.1934390568
789,14.1857145482
789.5,14.1764442602
790,14.1702635357
790.5,14.1640823849
791,14.1609916496
791.5,14.1548098588
792,14.1501732355
792.5,14.1470820199
793,14.1393535131
793.5,14.1393535131
794,14.1300784228
794.5,14.1254405164
795,14.1161639805
795.5,14.1146177974
796,14.1115253509
796.5,14.1099790873
797,14.1099790873
797.5,14.1053401358
798,14.1022473673
798.5,14.0960615082
799,14.0883285799
799.5,14.0852352204
800,14.0805949794
800.5,14.0728607063
801,14.0682198193
801.5,14.0620315927
802,14.0527484439
802.5,14.0465591383
803,14.0434643235
803.5,14.0388218987
804,14.0372743696
804.5,14.0357268136
805,14.0341792305
805.5,14.029536319
806,14.0217975919
806.5,14.0171540306
807,14.0109622364
807.5,14.0109622364
808,14.006318106
808.5,14.0001255523
809,13.9923842495
809.5,13.9830937894
810,13.9799967519
810.5,13.9722536819
811,13.9691562633
811.5,13.9614122402
812,13.9583144402
812.5,13.9552165311
813,13.9443729896
813.5,13.9428238031
814,13.9381760795
814.5,13.93352811
815,13.9273304344
815.5,13.9211323211
816,13.9164834487
816.5,13.9133840634
817,13.9133840634
817.5,13.9133840634
818,13.9087347799
818.5,13.9040852497
819,13.8978854921
819.5,13.8932353857
820,13.888585032
820.5,13.888585032
821,13.8792835828
821.5,13.874632487
822,13.8684306405
822.5,13.8591270446
823,13.8544748746
823.5,13.8467207063
824,13.8420678741
824.5,13.8389658479
825,13.8358637112
825.5,13.8296591062
826,13.825005362
826.5,13.8187999825
827,13.8141456572
827.5,13.8141456572
828,13.8141456572
828.5,13.8110426351
829,13.8094910825
829.5,13.7955258615
830,13.7862144654
830.5,13.7722454955
831,13.7520641146
831.5,13.7380896292
832,13.72100663
832.5,13.7179002667
833,13.7147937913
833.5,13.7132405116
834,13.7101338683
834.5,13.7039202454
835,13.696152586
835.5,13.6930453259
836,13.6899379535
836.5,13.6868304688
837,13.6837228719
837.5,13.6759533877
838,13.6697372943
838.5,13.6635207507
839,13.6588580474
839.5,13.6510863119
840,13.644868416
840.5,13.6417592989
841,13.6417592989
841.5,13.6402046979
842,13.6355407258
842.5,13.6324312699
843,13.6246571357
843.5,13.6184373195
844,13.6168822947
844.5,13.6153272416
845,13.6059963288
845.5,13.6059963288
846,13.5982197891
846.5,13.5966643961
847,13.5888870058
847.5,13.5826645827
848,13.5748859149
848.5,13.568662469
849,13.5655505755
849.5,13.5624385681
850,13.5593264469
850.5,13.5499893998
851,13.5468768229
851.5,13.5437641319
852,13.5422077436
852.5,13.5406513268
853,13.5390948815
853.5,13.5344253743
854,13.5281989651
854.5,13.5219720989
855,13.5173016491
855.5,13.5141878729
856,13.5141878729
856.5,13.5079599772
857,13.5032887548
857.5,13.4970600574
858,13.4939455367
858.5,13.4908309014
859,13.4846012865
859.5,13.4830438111
860,13.4783712125
860.5,13.4690252398
861,13.4643518654
861.5,13.4612361387
862,13.4503301888
862.5,13.4456557784
863,13.4409811085
863.5,13.4409811085
864,13.4363061792
864.5,13.4285140533
865,13.422279833
865.5,13.4191625495
866,13.4176038644
866.5,13.4176038644
867,13.4160451505
867.5,13.411368835
868,13.4098100054
868.5,13.4035743975
869,13.3973383264
869.5,13.3942201171
870,13.3879833507
870.5,13.3801867404
871,13.3801867404
871.5,13.3692702669
872,13.3677106546
872.5,13.3661510131
873,13.3614719145
873.5,13.3552327091
874,13.3536728351
874.5,13.3474330478
875,13.3427529016
875.5,13.3427529016
876,13.3396326584
876.5,13.3349520751
877,13.3318315405
877.5,13.3255901212
878,13.3209087502
878.5,13.3209087502
879,13.3177876903
879.5,13.3131058812
880,13.3115452198
880.5,13.3084238092
881,13.3006197708
881.5,13.2959369967
882,13.2912539591
882.5,13.2928150009
883,13.2850094988
883.5,13.2756419289
884,13.2693962955
884.5,13.2662733027
885,13.2600269646
885.5,13.2537801562
886,13.2537801562
886.5,13.2490947411
887,13.2444090612
887.5,13.2428471091
888,13.2428471091
888.5,13.2397231164
889,13.2350369065
889.5,13.2319126192
890,13.2256636909
890.5,13.2194142907
891,13.2178518669
891.5,13.2147269306
892,13.2116018763
892.5,13.205351413
893,13.2006632552
893.5,13.1944119641
894,13.1881601995
894.5,13.1865971843
895,13.1772184711
895.5,13.178781664
896,13.1694020615
896.5,13.16627529
897,13.1647118597
897.5,13.1600213907
898,13.1553306545
898.5,13.1522033484
899,13.1475121663
899.5,13.1428207166
900,13.1396929346
900.5,13.1318729589
901,13.1303088744
901.5,13.1240522384
902,13.1193594484
902.5,13.1177951254
903,13.1177951254
903.5,13.1177951254
904,13.1146663899
904.5,13.1099730628
905,13.1052794671
905.5,13.1021502539
906,13.0958914689
906.5,13.0943266979
907,13.092761897
907.5,13.0896322054
908,13.0833724632
908.5,13.0786773423
909,13.0708515414
909.5,13.0692862913
910,13.0583287009
910.5,13.0583287009
911,13.0520665603
911.5,13.0520665603
912,13.0473696395
912.5,13.039540837
913,13.0348431946
913.5,13.0379749863
914,13.0301452813
914.5,13.0238809755
915,13.0223148237
915.5,13.0191824298
916,13.0176161876
916.5,13.0160499152
917,13.0129172801
917.5,13.0144836128
918,13.0035186507
918.5,13.0050851644
919,12.9956856293
919.5,12.9878518525
920,12.9831512235
920.5,12.9800173196
921,12.9737491486
921.5,12.9706148814
922,12.9659132534
922.5,12.9659132534
923,12.9627786831
923.5,12.9565091788
924,12.951806732
924.5,12.950239189
925,12.9439687134
925.5,12.9439687134
926,12.9424010186
926.5,12.9376977518
927,12.9361299354
927.5,12.9282903973
928,12.9235863093
928.5,12.9220182191
929,12.9173137657
929.5,12.9157455537
930,12.9157455537
930.5,12.9063356415
931,12.904767216
931.5,12.8984932093
932,12.9000617567
932.5,12.8969246313
933,12.890650014
933.5,12.887512522
934,12.8796682574
934.5,12.8780993127
935,12.8718232281
935.5,12.8749613316
936,12.8686850022
936.5,12.8608389015
937,12.8592695894
937.5,12.8577002467
938,12.8529920347
938.5,12.8498530733
939,12.8498530733
939.5,12.8435747824
940,12.8372960003
940.5,12.8325865913
941,12.8310167268
941.5,12.8247369614
942,12.8231669432
942.5,12.8168865626
943,12.8137461876
943.5,12.8090353942
944,12.8074650681
944.5,12.8058947112
945,12.7996129754
945.5,12.7980424644
946,12.7933307462
946.5,12.7901894465
947,12.7870480233
947.5,12.7823356568
948,12.7791939248
948.5,12.7760520691
949,12.7729100898
949.5,12.76662576
950,12.76662576
950.5,12.7587696514
951,12.7571983369
951.5,12.7556269913
952,12.7493412992
952.5,12.7461982672
953,12.7446267047
953.5,12.739911831
954,12.7367684268
954.5,12.7304812458
955,12.7273374689
955.5,12.7226215707
956,12.7179053926
956.5,12.7179053926
957,12.7116167198
957.5,12.7100444738
958,12.7084721967
958.5,12.7037551786
959,12.7006103441
959.5,12.697465385
960,12.6943203012
960.5,12.6896024418
961,12.6880297596
961.5,12.6817387188
962,12.6770201105
962.5,12.6754471786
963,12.672301221
963.5,12.6691551385
964,12.6644357804
964.5,12.658142865
965,12.6565695579
965.5,12.6534228499
966,12.648702553
966.5,12.6502760166
967,12.6471290581
967.5,12.6408347651
968,12.6376874305
968.5,12.6313923851
969,12.6282446741
969.5,12.6235228722
970,12.6235228722
970.5,12.6172266967
971,12.6140784204
971.5,12.6077814906
972,12.6062071795
972.5,12.604632837
973,12.5999096206
973.5,12.5951861208
974,12.5936115579
974.5,12.5888876803
975,12.5857382709
975.5,12.5810139204
976,12.5747143448
976.5,12.5762892861
977,12.5699893318
977.5,12.5684142643
978,12.5684142643
978.5,12.5636888723
979,12.5621136784
979.5,12.5573879072
980,12.5510864363
980.5,12.5495109895
981,12.5479355111
981.5,12.5447844592
982,12.5384819756
982.5,12.5337547802
983,12.5321789851
983.5,12.5306031582
984,12.5242995337
984.5,12.5242995337
985,12.5179954016
985.5,12.5164192892
986,12.5148431451
986.5,12.5116907616
987,12.5069619481
987.5,12.5022328485
988,12.4990799565
988.5,12.4959269373
989,12.4927737908
989.5,12.4911971698
990,12.4848903674
990.5,12.4833135872
991,12.4833135872
991.5,12.4770061478
992,12.4754292083
992.5,12.4722752336
993,12.4691211312
993.5,12.4675440322
994,12.4612353171
994.5,12.454926091
995,12.4565034455
995.5,12.454926091
996,12.4486163538
996.5,12.4470388396
997,12.442306105
997.5,12.4375730826
998,12.4344175743
998.5,12.4281061733
999,12.426528243
999.5,12.4249502807
1000,12.4217942598
1000.5,12.4202162013
1001,12.4123254277
1001.5,12.4107471767
1002,12.4075905785
1002.5,12.4028554404
1003,12.4028554404
1003.5,12.3965414732
1004,12.3918056603
1004.5,12.3902269917
1005,12.388648291
1005.5,12.3854907929
1006,12.3807543046
1006.5,12.3775964847
1007,12.3697013714
1007.5,12.3681222521
1008,12.3649639167
1008.5,12.3633847006
1009,12.3602261718
1009.5,12.3602261718
1010,12.3554881366
1010.5,12.3523292851
1011,12.3491703044
1011.5,12.3460111946
1012,12.3444315912
1012.5,12.3381128545
1013,12.3333734625
1013.5,12.3317936005
1014,12.3302137061
1014.5,12.3270538203
1015,12.323893805
1015.5,12.3223137488
1016,12.3159932
1016.5,12.3175733858
1017,12.3112524482
1017.5,12.3096721328
1018,12.3065114047
1018.5,12.3017700691
1019,12.3017700691
1019.5,12.2954478341
1020,12.2938671942
1020.5,12.2907058169
1021,12.2891250795
1021.5,12.282801805
1022,12.282801805
1022.5,12.2764780103
1023,12.2748969803
1023.5,12.270153695
1024,12.270153695
1024.5,12.2669913421
1025,12.2669913421
1025.5,12.2622475683
1026,12.2590848896
1026.5,12.2559220806
1027,12.2511776224
1027.5,12.2464328707
1028,12.2464328707
1028.5,12.2432695397
1029,12.236942486
1029.5,12.2337787632
1030,12.2306149096
1030.5,12.2290329338
1031,12.2242868103
1031.5,12.2195403923
1032,12.2211225643
1032.5,12.2179581876
1033,12.2132113769
1033.5,12.2147936799
1034,12.2084642716
1034.5,12.2037168714
1035,12.2021343391
1035.5,12.200551774
1036,12.1973865456
1036.5,12.191055695
1037,12.1894729003
1037.5,12.1878900728
1038,12.1831413934
1038.5,12.1815584345
1039,12.1752262706
1039.5,12.1720599915
1040,12.1704768026
1040.5,12.1688935808
1041,12.1641437181
1041.5,12.1641437181
1042,12.1593935592
1042.5,12.1609769784
1043,12.156226622
1043.5,12.1546431041
1044,12.1467250199
1044.5,12.1467250199
1045,12.1451413042
1045.5,12.1388061117
1046,12.1340543708
1046.5,12.1340543708
1047,12.1308863786
1047.5,12.1245499979
1048,12.1245499979
1048.5,12.1213816093
1049,12.1182130885
1049.5,12.1166287786
1050,12.1166287786
1050.5,12.1087067326
1051,12.1087067326
1051.5,12.103953108
1052,12.0991991854
1052.5,12.0991991854
1053,12.0928601582
1053.5,12.0928601582
1054,12.0896904458
1054.5,12.0896904458
1055,12.083350623
1055.5,12.0817655843
1056,12.0770102693
1056.5,12.075425098
1057,12.075425098
1057.5,12.0722546556
1058,12.0690840803
1058.5,12.0643279683
1059,12.0627425311
1059.5,12.0595715571
1060,12.05640045
1060.5,12.0500578366
1061,12.0548148466
1061.5,12.0468863302
1062,12.0389569814
1062.5,12.0405429178
1063,12.0373710117
1063.5,12.0357850087
1064,12.0310267995
1064.5,12.0278544933
1065,12.0230957838
1065.5,12.0230957838
1066,12.0199231439
1066.5,12.0151639337
1067,12.0119909598
1067.5,12.0088178523
1068,12.0040579404
1068.5,12.0024712362
1069,12.0008844985
1069.5,11.9992977274
1070,11.9945372134
1070.5,11.9929503084
1071,11.989776398
1071.5,11.9866023537
1072,11.9834281754
1072.5,11.980253863
1073,11.9786666565
1073.5,11.975492143
1074,11.9691427135
1074.5,11.9691427135
1075,11.9675552722
1075.5,11.964380289
1076,11.962792747
1076.5,11.9580299196
1077,11.9564422433
1077.5,11.9548545334
1078,11.9500912019
1078.5,11.9485033575
1079,11.9437396226
1079.5,11.9421516436
1080,11.9357993913
1080.5,11.9357993913
1081,11.9326230632
1081.5,11.9342112441
1082,11.9215048534
1082.5,11.9230932702
1083,11.9215048534
1083.5,11.9183279186
1084,11.9183279186
1084.5,11.9119736443
1085,11.9103849913
1085.5,11.9087963046
1086,11.9072075841
1086.5,11.8992634752
1087,11.897674552
1087.5,11.8944966043
1088,11.8929075797
1088.5,11.8897294291
1089,11.8849619495
1089.5,11.8865511432
1090,11.8849619495
1090.5,11.8817834605
1091,11.8754260764
1091.5,11.872247181
1092,11.8706576825
1092.5,11.8706576825
1093,11.8627096816
1093.5,11.8595302439
1094,11.8595302439
1094.5,11.8579404741
1095,11.8547608328
1095.5,11.8515810556
1096,11.8468111352
1096.5,11.8420409091
1097,11.8420409091
1097.5,11.8372703771
1098,11.8372703771
1098.5,11.8340898524
1099,11.832499539
1099.5,11.8261379453
1100,11.8245474618
1100.5,11.8213663926
1101,11.8150038454
1101.5,11.8213663926
1102,11.8165945333
1102.5,11.8118223674
1103,11.808640753
1103.5,11.8102315773
1104,11.8038680756
1104.5,11.7975040281
1105,11.7975040281
1105.5,11.7975040281
1106,11.7943217996
1106.5,11.7895482006
1107,11.7895482006
1107.5,11.7847742941
1108,11.7847742941
1108.5,11.7784086068
1109,11.7720423723
1109.5,11.7768170995
1110,11.7688590497
1110.5,11.7704507281
1111,11.7624919936
1111.5,11.764083809
1112,11.75930826
1112.5,11.7577163419
1113,11.7577163419
1113.5,11.7529403816
1114,11.7497562367
1114.5,11.7465719545
1115,11.744979762
1115.5,11.744979762
1116,11.7402029784
1116.5,11.7402029784
1117,11.7370182844
1117.5,11.733833453
1118,11.733833453
1118.5,11.7306484841
1119,11.7226854605
1119.5,11.7226854605
1120,11.7195000103
1120.5,11.7195000103
1121,11.7179072336
1121.5,11.7115357826
1122,11.7083498506
1122.5,11.7051637807
1123,11.7035706941
1123.5,11.7035706941
1124,11.6987912276
1124.5,11.6971980031
1125,11.6940114507
1125.5,11.6908247603
1126,11.6892313634
1126.5,11.686044466
1127,11.6844509655
1127.5,11.681263861
1128,11.6844509655
1128.5,11.6796702569
1129,11.6764829451
1129.5,11.6748892374
1130,11.6701079069
1130.5,11.6669201804
1131,11.6669201804
1131.5,11.6669201804
1132,11.6605443122
1132.5,11.6557620477
1133,11.6509794716
1133.5,11.6541678903
1134,11.6461965838
1134.5,11.6477909144
1135,11.6446022185
1135.5,11.6398189147
1136,11.6398189147
1136.5,11.6366298722
1137,11.6334406908
1137.5,11.6286566586
1138,11.6286566586
1138.5,11.6286566586
1139,11.6222774628
1139.5,11.620682577
1140,11.6174927013
1140.5,11.6158977112
1141,11.6127076269
1141.5,11.6111125326
1142,11.6079222396
1142.5,11.6031365392
1143,11.6015412361
1143.5,11.6015412361
1144,11.5951596757
1144.5,11.5935641985
1145,11.596755118
1145.5,11.5887775579
1146,11.5887775579
1146.5,11.5855862899
1147,11.5823948825
1147.5,11.5807991264
1148,11.5823948825
1148.5,11.5744157534
1149,11.5696278571
1149.5,11.5696278571
1150,11.5664357517
1150.5,11.5664357517
1151,11.5600511216
1151.5,11.5632435066
1152,11.5616473316
1152.5,11.5568585969
1153,11.5520695475
1153.5,11.5504731278
1154,11.5504731278
1154.5,11.5456836586
1155,11.5456836586
1155.5,11.5440870989
1156,11.5392972097
1156.5,11.5361037751
1157,11.5361037751
1157.5,11.5313133603
1158,11.5329102003
1158.5,11.5233286347
1159,11.5265226302
1159.5,11.5169402228
1160,11.5201344989
1160.5,11.515343032
1161,11.515343032
1161.5,11.5137458062
1162,11.508953918
1162.5,11.5057591502
1163,11.5073565516
1163.5,11.5041617136
1164,11.4993691929
1164.5,11.5025642418
1165,11.4961740032
1165.5,11.4945763557
1166,11.491380955
1166.5,11.491380955
1167,11.48658759
1167.5,11.4849897312
1168,11.4817939081
1168.5,11.4801959437
1169,11.4785979441
1169.5,11.4754018391
1170,11.4706074173
1170.5,11.4690092062
1171,11.4674109598
1171.5,11.4658126781
1172,11.4674109598
1172.5,11.4594191986
1173,11.4594191986
1173.5,11.4578207405
1174,11.4530251542
1174.5,11.4514265548
1175,11.4498279201
1175.5,11.4434330278
1176,11.4450318039
1176.5,11.4418342163
1177,11.4402353695
1177.5,11.4386364873
1178,11.4370375697
1178.5,11.4338396284
1179,11.4306415456
1179.5,11.4274433211
1180,11.4274433211
1180.5,11.424244955
1181,11.4194471401
1181.5,11.4194471401
1182,11.4130495574
1182.5,11.4130495574
1183,11.4114500731
1183.5,11.4098505533
1184,11.4034521193
1184.5,11.405051781
1185,11.4018524221
1185.5,11.3986529211
1186,11.3986529211
1186.5,11.3970531173
1187,11.390653547
1187.5,11.3890535656
1188,11.3874535487
1188.5,11.3794529305
1189,11.3842534081
1189.5,11.3794529305
1190,11.3762524341
1190.5,11.3762524341
1191,11.3762524341
1191.5,11.3730517955
1192,11.3666500908
1192.5,11.3666500908
1193,11.3634490247
1193.5,11.3586471583
1194,11.353844971
1194.5,11.3586471583
1195,11.3522441706
1195.5,11.353844971
1196,11.3506433345
1196.5,11.3474415552
1197,11.345840612
1197.5,11.3474415552
1198,11.345840612
1198.5,11.3442396332
1199,11.3346330099
1199.5,11.3346330099
1200,11.3346330099
1200.5,11.3314305163
1201,11.3298292159
1201.5,11.3250251001
1202,11.3250251001
1202.5,11.3234236566
1203,11.3154159025
1203.5,11.3218221774
1204,11.3186191115
1204.5,11.3122125502
1205,11.3106108204
1205.5,11.3074072532
1206,11.3058054158
1206.5,11.3042035427
1207,11.299397708
1207.5,11.299397708
1208,11.296193639
1208.5,11.2945915506
1209,11.2929894264
1209.5,11.2913872663
1210,11.2865805707
1210.5,11.2865805707
1211,11.2865805707
1211.5,11.278568693
1212,11.2801711404
1212.5,11.2769662097
1213,11.2721585441
1213.5,11.2705559169
1214,11.2705559169
1214.5,11.2689532539
1215,11.2673505548
1215.5,11.2609393988
1216,11.2641450488
1216.5,11.2609393988
1217,11.2529246438
1217.5,11.2545276669
1218,11.2513215848
1218.5,11.2497184897
1219,11.2481153586
1219.5,11.2465121914
1220,11.2433057489
1220.5,11.2481153586
1221,11.2400991622
1221.5,11.2384958147
1222,11.2368924312
1222.5,11.2352890116
1223,11.2336855559
1223.5,11.2288749721
1224,11.227271372
1224.5,11.2240640634
1225,11.2192528296
1225.5,11.2144412704
1226,11.2160451596
1226.5,11.2160451596
1227,11.2144412704
1227.5,11.2144412704
1228,11.2080253519
1228.5,11.2064212818
1229,11.2064212818
1229.5,11.1984003884
1230,11.1984003884
1230.5,11.1984003884
1231,11.1935874178
1231.5,11.1935874178
1232,11.1935874178
1232.5,11.1903785896
1233,11.1839604982
1233.5,11.1823558846
1234,11.1807512348
1234.5,11.1791465487
1235,11.1791465487
1235.5,11.1791465487
1236,11.1711225739
1236.5,11.1727274415
1237,11.1679127298
1237.5,11.1663077533
1238,11.1647027404
1238.5,11.1598874838
1239,11.1614926057
1239.5,11.1582823255
1240,11.1566771309
1240.5,11.1534666326
1241,11.1534666326
1241.5,11.1534666326
1242,11.1518613288
1242.5,11.1438342643
1243,11.1438342643
1243.5,11.1422287422
1244,11.1390175887
1244.5,11.1342005852
1245,11.1342005852
1245.5,11.1342005852
1246,11.1325948445
1246.5,11.1309890674
1247,11.1293832538
1247.5,11.1245655941
1248,11.1229596346
1248.5,11.1229596346
1249,11.1197476061
1249.5,11.1181415371
1250,11.1149292896
1250.5,11.1101106446
1251,11.1085043565
1251.5,11.1085043565
1252,11.1068980318
1252.5,11.1004723678
1253,11.1052916707
1253.5,11.0988658604
1254,11.0940461188
1254.5,11.0956527359
1255,11.0924394651
1255.5,11.0924394651
1256,11.0860124842
1256.5,11.0892260478
1257,11.081191864
1257.5,11.0795849174
1258,11.082798774
1258.5,11.0779779341
1259,11.0763709142
1259.5,11.0763709142
1260,11.0715496344
1260.5,11.0683352646
1261,11.0683352646
1261.5,11.0699424679
1262,11.0667280247
1262.5,11.0651207481
1263,11.0602986981
1263.5,11.0570838145
1264,11.0554763176
1264.5,11.0538687841
1265,11.0506536067
1265.5,11.0522612137
1266,11.0522612137
1266.5,11.0474382823
1267,11.045830565
1267.5,11.044222811
1268,11.037791427
1268.5,11.036183489
1269,11.037791427
1269.5,11.0329675027
1270,11.0313594544
1270.5,11.0313594544
1271,11.0297513692
1271.5,11.0265350884
1272,11.0249268927
1272.5,11.0217103909
1273,11.0233186602
1273.5,11.0184937417
1274,11.0201020847
1274.5,11.0152769451
1275,11.0104514735
1275.5,11.0120600009
1276,11.0104514735
1276.5,11.0040169951
1277,11.00562567
1277.5,11.0007995344
1278,11.0007995344
1278.5,10.997581926
1279,10.9959730665
1279.5,10.9959730665
1280,10.9927552365
1280.5,10.9895372587
1281,10.9879282143
1281.5,10.986319133
1282,10.986319133
1282.5,10.9847100147
1283,10.9831008595
1283.5,10.9831008595
1284,10.9782731717
1284.5,10.9750545283
1285,10.9750545283
1285.5,10.9718357367
1286,10.9702262854
1286.5,10.9702262854
1287,10.9670072717
1287.5,10.9653977092
1288,10.9621784732
1288.5,10.958959089
1289,10.9605687996
1289.5,10.9557395564
1290,10.9541297345
1290.5,10.9557395564
1291,10.9493000463
1291.5,10.9525198755
1292,10.9493000463
1292.5,10.9460800686
1293,10.944470024
1293.5,10.9460800686
1294,10.9412498236
1294.5,10.944470024
1295,10.9412498236
1295.5,10.9412498236
1296,10.9364192444
1296.5,10.934808977
1297,10.9283675359
1297.5,10.934808977
1298,10.9315883308
1298.5,10.9283675359
1299,10.9267570827
1299.5,10.9203148979
1300,10.9251465923
1300.5,10.9203148979
1301,10.9219254999
1301.5,10.9170935822
1302,10.9170935822
1302.5,10.9187042587
1303,10.9074287417
1303.5,10.9106505042
1304,10.9074287417
1304.5,10.9025958185
1305,10.9074287417
1305.5,10.9042068302
1306,10.9025958185
1306.5,10.896151399
1307,10.896151399
1307.5,10.8929289655
1308,10.8913176928
1308.5,10.8945402009
1309,10.8945402009
1309.5,10.8880950354
1310,10.8864836507
1310.5,10.8880950354
1311,10.8848722287
1311.5,10.8832607693
1312,10.8784261672
1312.5,10.8800377386
1313,10.8800377386
1313.5,10.8719795078
1314,10.8735912287
1314.5,10.8719795078
1315,10.8687559538
1315.5,10.8687559538
1316,10.8655322503
1316.5,10.8639203424
1317,10.8655322503
1317.5,10.8639203424
1318,10.8606964143
1318.5,10.8606964143
1319,10.8590843942
1319.5,10.8574723366
1320,10.8526359391
1320.5,10.8542481091
1321,10.8510237318
1321.5,10.8477992046
1322,10.8461868848
1322.5,10.8461868848
1323,10.8397372308
1323.5,10.8413497005
1324,10.8381247235
1324.5,10.8397372308
1325,10.8381247235
1325.5,10.8332869767
1326,10.8348995965
1326.5,10.8300616245
1327,10.8332869767
1327.5,10.8284488922
1328,10.8252233147
1328.5,10.8236104697
1329,10.8236104697
1329.5,10.8252233147
1330,10.8203846669
1330.5,10.8187717092
1331,10.8187717092
1331.5,10.8155456809
1332,10.8139326104
1332.5,10.8107063566
1333,10.8107063566
1333.5,10.8074799524
1334,10.8074799524
1334.5,10.8042533977
1335,10.7994132833
1335.5,10.8026400639
1336,10.8026400639
1336.5,10.7977998366
1337,10.7977998366
1337.5,10.7881183652
1338,10.7945728301
1338.5,10.789732038
1339,10.7848909066
1339.5,10.7865046547
1340,10.7865046547
1340.5,10.7832771207
1341,10.7784355369
1341.5,10.7784355369
1342,10.7800494359
1342.5,10.7752076257
1343,10.7719795636
1343.5,10.7735936136
1344,10.7703654759
1344.5,10.7655229863
1345,10.7671371873
1345.5,10.7639087476
1346,10.7639087476
1346.5,10.7574514148
1347,10.7622944711
1347.5,10.7590658047
1348,10.7542225216
1348.5,10.7542225216
1349,10.7526080183
1349.5,10.7493788982
1350,10.7509934771
1350.5,10.7477642814
1351,10.7461496267
1351.5,10.7429202039
1352,10.7461496267
1352.5,10.7429202039
1353,10.7396906297
1353.5,10.7413054357
1354,10.7380757858
1354.5,10.7332310268
1355,10.730000998
1355.5,10.7316160313
1356,10.7283859268
1356.5,10.7283859268
1357,10.730000998
1357.5,10.7235404856
1358,10.7251556705
1358.5,10.7235404856
1359,10.7203100018
1359.5,10.718694703
1360,10.7122331284
1360.5,10.7154639916
1361,10.7106176398
1361.5,10.7073865488
1362,10.7090021133
1362.5,10.7057709463
1363,10.7025396273
1363.5,10.7041553058
1364,10.6993081563
1364.5,10.6993081563
1365,10.6960765332
1365.5,10.6976923638
1366,10.6944606647
1366.5,10.6928447581
1367,10.6896128307
1367.5,10.68799681
1368,10.6863807512
1368.5,10.6831485194
1369,10.6831485194
1369.5,10.6782998862
1370,10.6815323465
1370.5,10.6815323465
1371,10.676683599
1371.5,10.6750672736
1372,10.6734509102
1372.5,10.6750672736
1373,10.6702180689
1373.5,10.6734509102
1374,10.6718345086
1374.5,10.6686015911
1375,10.6653685211
1375.5,10.6637519289
1376,10.6621352986
1376.5,10.6605186301
1377,10.6572851786
1377.5,10.6572851786
1378,10.6556683956
1378.5,10.6524347151
1379,10.6556683956
1379.5,10.6475839079
1380,10.6459668958
1380.5,10.6475839079
1381,10.6443498454
1381.5,10.6411156301
1382,10.6394984651
1382.5,10.6378812619
1383,10.6394984651
1383.5,10.6362640204
1384,10.6362640204
1384.5,10.6346467407
1385,10.6314120664
1385.5,10.6314120664
1386,10.6249422588
1386.5,10.6249422588
1387,10.620089501
1387.5,10.6217071252
1388,10.6249422588
1388.5,10.6217071252
1389,10.6184718385
1389.5,10.6217071252
1390,10.6168541377
1390.5,10.6168541377
1391,10.6103829511
1391.5,10.6136186211
1392,10.6103829511
1392.5,10.6055291586
1393,10.6039111511
1393.5,10.6022931052
1394,10.6055291586
1394.5,10.6039111511
1395,10.6006750209
1395.5,10.5958205378
1396,10.5958205378
1396.5,10.5974387372
1397,10.5925840237
1397.5,10.5925840237
1398,10.5844920664
1398.5,10.5877289646
1399,10.5861105347
1399.5,10.5812550144
1400,10.5828735596
1400.5,10.5796364308
1401,10.5763991481
1401.5,10.5796364308
1402,10.5731617116
1402.5,10.5715429356
1403,10.5747804491
1403.5,10.5683052682
1404,10.5683052682
1404.5,10.5634484783
1405,10.5634484783
1405.5,10.5602104258
1406,10.5553530581
1406.5,10.5569722192
1407,10.5553530581
1407.5,10.5488760282
1408,10.5488760282
1408.5,10.5504953435
1409,10.5488760282
1409.5,10.5488760282
1410,10.5440178508
1410.5,10.5391593261
1411,10.5440178508
1411.5,10.540778873
1412,10.5375397407
1412.5,10.540778873
1413,10.5359201167
1413.5,10.534300454
1414,10.5262015613
1414.5,10.5262015613
1415,10.5262015613
1415.5,10.5229617337
1416,10.5197217515
1416.5,10.5181017023
1417,10.5181017023
1417.5,10.514861488
1418,10.514861488
1418.5,10.514861488
1419,10.5132413228
1419.5,10.5100008762
1420,10.5083805949
1420.5,10.5051399161
1421,10.5051399161
1421.5,10.5002786073
1422,10.5002786073
1422.5,10.4986580936
1423,10.4954169499
1423.5,10.4921756511
1424,10.487313412
1424.5,10.4856925881
1425,10.4840717253
1425.5,10.4840717253
1426,10.487313412
1426.5,10.4824508238
1427,10.4759668294
1427.5,10.4759668294
1428,10.4743457337
1428.5,10.4727245992
1429,10.4711034258
1429.5,10.4694822135
1430,10.4662396725
1430.5,10.4629969759
1431,10.4629969759
1431.5,10.4597541238
1432,10.4629969759
1432.5,10.456511116
1433,10.4532679527
1433.5,10.456511116
1434,10.4516463126
1434.5,10.4548895538
1435,10.4500246336
1435.5,10.4500246336
1436,10.4467811588
1436.5,10.4402937418
1437,10.4435375282
1437.5,10.4354277699
1438,10.4386717901
1438.5,10.4419156545
1439,10.4370497995
1439.5,10.430561447
1440,10.430561447
1440.5,10.4289392614
1441,10.4256947731
1441.5,10.4256947731
1442,10.4240724704
1442.5,10.4175828693
1443,10.4192053281
1443.5,10.4110926432
1444,10.4143378344
1444.5,10.4159603713
1445,10.4110926432
1445.5,10.4208277479
1446,10.4062245634
1446.5,10.4062245634
1447,10.4062245634
1447.5,10.4029789813
1448,10.4013561316
1448.5,10.3997332428
1449,10.3981103149
1449.5,10.3964873478
1450,10.3948643416
1450.5,10.3948643416
1451,10.3916182118
1451.5,10.3883719254
1452,10.3883719254
1452.5,10.3867487234
1453,10.3867487234
1453.5,10.3818788825
1454,10.3802555238
1454.5,10.3802555238
1455,10.3818788825
1455.5,10.383502202
1456,10.3802555238
1456.5,10.3770086888
1457,10.373761697
1457.5,10.3721381423
1458,10.373761697
1458.5,10.3705145484
1459,10.36239599
1459.5,10.3656435311
1460,10.3656435311
1460.5,10.3672672428
1461,10.3656435311
1461.5,10.3640197802
1462,10.3607721606
1462.5,10.3591482919
1463,10.3542764501
1463.5,10.3575243839
1464,10.3607721606
1464.5,10.3542764501
1465,10.3510283591
1465.5,10.3526524242
1466,10.3526524242
1466.5,10.3510283591
1467,10.3461559278
1467.5,10.3461559278
1468,10.3429074437
1468.5,10.3412831426
1469,10.3396588022
1469.5,10.3380344224
1470,10.3380344224
1470.5,10.3380344224
1471,10.3347855449
1471.5,10.3364100033
1472,10.3347855449
1472.5,10.3299119332
1473,10.3299119332
1473.5,10.3266626619
1474,10.3250379671
1474.5,10.3250379671
1475,10.3266626619
1475.5,10.323413233
1476,10.323413233
1476.5,10.318538794
1477,10.318538794
1477.5,10.3152889709
1478,10.3136640002
1478.5,10.3152889709
1479,10.3136640002
1479.5,10.31203899
1480,10.3087888514
1480.5,10.3087888514
1481,10.3071637228
1481.5,10.3071637228
1482,10.3055385549
1482.5,10.3022881004
1483,10.299037488
1483.5,10.300662814
1484,10.299037488
1484.5,10.2974121226
1485,10.2957867176
1485.5,10.2941612732
1486,10.2925357892
1486.5,10.286033458
1487,10.2925357892
1487.5,10.2892847027
1488,10.286033458
1488.5,10.2844077763
1489,10.279530494
1489.5,10.286033458
1490,10.279530494
1490.5,10.279530494
1491,10.2762787745
1491.5,10.2730268967
1492,10.2730268967
1492.5,10.2746528554
1493,10.2697748606
1493.5,10.266522666
1494,10.266522666
1494.5,10.2648965092
1495,10.2681487831
1495.5,10.2616440768
1496,10.266522666
1496.5,10.2632703128
1497,10.2600178012
1497.5,10.2632703128
1498,10.2567651309
1498.5,10.2567651309
1499,10.2551387363
1499.5,10.2551387363
1500,10.2535123021
1500.5,10.2535123021
1501,10.2518858281
1501.5,10.2486327612
1502,10.2486327612
1502.5,10.2453795355
1503,10.2453795355
1503.5,10.2437528631
1504,10.2437528631
1504.5,10.242126151
1505,10.2388726076
